[array([[-0.7352478 , -1.1499145 , -1.2089149 , -0.9970743 , -1.7163923 ,
          1.2226918 ,  0.29011187,  0.06888919],
        [ 0.4944005 ,  0.7328    ,  0.71918637,  1.348536  ,  0.36939698,
         -0.96255964, -0.37838447,  0.4516974 ],
        [-1.6756444 , -1.0898783 , -0.8020084 , -1.4698043 , -0.55026186,
          1.105887  , -1.016451  ,  1.3182545 ]], dtype=float32),
 array([[ 0.9429209 ,  1.3404479 ,  0.7392813 ,  0.84620917,  0.688454  ,
         -1.8477833 , -0.7238784 , -0.44319743],
        [-1.2903302 , -1.1862414 , -0.6849091 , -0.97105086, -1.3425262 ,
          1.0954412 , -1.1220622 ,  1.3726854 ]], dtype=float32),
 array([ 1.3511992 , -0.01292127,  2.03056   ,  1.9802425 ,  2.020939  ,
        -1.4121435 ,  2.1087143 ,  0.9666767 ], dtype=float32)]
        
        #use as: cell.set_weights(*this file content*)